80 out of 720
---------------
[[ 0 -1  1  0]
 [-1  0  0 -1]
 [ 0 -1 -1  0]
 [ 1  0  0 -1]]
---------------
[[ 0 -1  1  0]
 [-1  0  0  1]
 [ 0 -1 -1  0]
 [ 1  0  0  1]]
---------------
[[ 0 -1 -1  0]
 [-1  0  0 -1]
 [ 0 -1  1  0]
 [ 1  0  0 -1]]
---------------
[[ 0 -1 -1  0]
 [-1  0  0  1]
 [ 0 -1  1  0]
 [ 1  0  0  1]]
---------------
[[ 0  1  1  0]
 [-1  0  0 -1]
 [ 0 -1  1  0]
 [ 1  0  0 -1]]
---------------
[[ 0  1  1  0]
 [-1  0  0  1]
 [ 0 -1  1  0]
 [ 1  0  0  1]]
---------------
[[ 0 -1  1  0]
 [-1  0  0 -1]
 [ 0  1  1  0]
 [ 1  0  0 -1]]
---------------
[[ 0 -1  1  0]
 [-1  0  0  1]
 [ 0  1  1  0]
 [ 1  0  0  1]]
---------------
[[-1  1  0  0]
 [ 0  0  1 -1]
 [-1 -1  0  0]
 [ 0  0 -1 -1]]
---------------
[[-1  1  0  0]
 [ 0  0  1  1]
 [-1 -1  0  0]
 [ 0  0 -1  1]]
---------------
[[-1  0 -1  0]
 [ 0  1  0 -1]
 [-1  0  1  0]
 [ 0 -1  0 -1]]
---------------
[[-1  0 -1  0]
 [ 0  1  0  1]
 [-1  0  1  0]
 [ 0 -1  0  1]]
---------------
[[ 1  0  1  0]
 [ 0  1  0 -1]
 [-1  0  1  0]
 [ 0 -1  0 -1]]
---------------
[[ 1  0  1  0]
 [ 0  1  0  1]
 [-1  0  1  0]
 [ 0 -1  0  1]]
---------------
[[ 0 -1  1  0]
 [ 1  0  0 -1]
 [ 0  1  1  0]
 [-1  0  0 -1]]
---------------
[[ 0 -1  1  0]
 [ 1  0  0  1]
 [ 0  1  1  0]
 [-1  0  0  1]]
---------------
[[-1  1  1 -1]
 [-1  1 -1  1]
 [-1 -1 -1 -1]
 [-1 -1  1  1]]
---------------
[[-1  1  1  1]
 [-1  1 -1 -1]
 [-1 -1 -1  1]
 [-1 -1  1 -1]]
---------------
[[-1  1 -1 -1]
 [-1  1  1  1]
 [-1 -1  1 -1]
 [-1 -1 -1  1]]
---------------
[[-1  1 -1  1]
 [-1  1  1 -1]
 [-1 -1  1  1]
 [-1 -1 -1 -1]]
---------------
[[-1  1 -1 -1]
 [-1 -1  1 -1]
 [-1 -1 -1  1]
 [-1  1  1  1]]
---------------
[[-1  1  1 -1]
 [-1 -1 -1 -1]
 [-1 -1  1  1]
 [-1  1 -1  1]]
---------------
[[-1 -1 -1 -1]
 [-1  1  1 -1]
 [-1  1 -1  1]
 [-1 -1  1  1]]
---------------
[[-1 -1  1 -1]
 [-1  1 -1 -1]
 [-1  1  1  1]
 [-1 -1 -1  1]]
---------------
[[ 1  1 -1 -1]
 [ 1  1  1  1]
 [ 1 -1  1 -1]
 [-1  1  1 -1]]
---------------
[[ 1  1 -1  1]
 [ 1  1  1 -1]
 [ 1 -1  1  1]
 [-1  1  1  1]]
---------------
[[ 1  1  1 -1]
 [ 1  1 -1  1]
 [ 1 -1 -1 -1]
 [-1  1 -1 -1]]
---------------
[[ 1  1  1  1]
 [ 1  1 -1 -1]
 [ 1 -1 -1  1]
 [-1  1 -1  1]]
---------------
[[ 1 -1 -1 -1]
 [ 1 -1  1  1]
 [ 1  1  1 -1]
 [-1 -1  1 -1]]
---------------
[[ 1 -1 -1  1]
 [ 1 -1  1 -1]
 [ 1  1  1  1]
 [-1 -1  1  1]]
---------------
[[ 1 -1  1 -1]
 [ 1 -1 -1  1]
 [ 1  1 -1 -1]
 [-1 -1 -1 -1]]
---------------
[[ 1 -1  1  1]
 [ 1 -1 -1 -1]
 [ 1  1 -1  1]
 [-1 -1 -1  1]]
---------------
[[ 0 -1  0  1]
 [ 0  1  0  1]
 [-1  0 -1  0]
 [-1  0  1  0]]
---------------
[[ 0 -1  0 -1]
 [ 0  1  0 -1]
 [-1  0 -1  0]
 [-1  0  1  0]]
---------------
[[ 0 -1  0  1]
 [ 0  1  0  1]
 [-1  0  1  0]
 [-1  0 -1  0]]
---------------
[[ 0 -1  0 -1]
 [ 0  1  0 -1]
 [-1  0  1  0]
 [-1  0 -1  0]]
---------------
[[ 0  0  1  1]
 [ 0  0  1 -1]
 [-1 -1  0  0]
 [-1  1  0  0]]
---------------
[[ 0  0 -1  1]
 [ 0  0 -1 -1]
 [-1 -1  0  0]
 [-1  1  0  0]]
---------------
[[ 0  0  1  1]
 [ 0  0  1 -1]
 [-1  1  0  0]
 [-1 -1  0  0]]
---------------
[[ 0  0 -1  1]
 [ 0  0 -1 -1]
 [-1  1  0  0]
 [-1 -1  0  0]]
---------------
[[ 1 -1 -1 -1]
 [ 1  1 -1  1]
 [-1  1 -1 -1]
 [ 1  1  1 -1]]
---------------
[[ 1 -1 -1  1]
 [ 1  1 -1 -1]
 [-1  1 -1  1]
 [ 1  1  1  1]]
---------------
[[ 1 -1  1 -1]
 [ 1 -1 -1  1]
 [-1 -1 -1 -1]
 [ 1  1 -1 -1]]
---------------
[[ 1 -1  1  1]
 [ 1 -1 -1 -1]
 [-1 -1 -1  1]
 [ 1  1 -1  1]]
---------------
[[-1 -1 -1 -1]
 [-1  1 -1  1]
 [ 1  1 -1 -1]
 [-1  1  1 -1]]
---------------
[[-1 -1 -1  1]
 [-1  1 -1 -1]
 [ 1  1 -1  1]
 [-1  1  1  1]]
---------------
[[-1 -1  1 -1]
 [-1 -1 -1  1]
 [ 1 -1 -1 -1]
 [-1  1 -1 -1]]
---------------
[[-1 -1  1  1]
 [-1 -1 -1 -1]
 [ 1 -1 -1  1]
 [-1  1 -1  1]]
---------------
[[-1  0  0  1]
 [ 1  0  0  1]
 [ 0  1 -1  0]
 [ 0  1  1  0]]
---------------
[[-1  0  0 -1]
 [ 1  0  0 -1]
 [ 0  1 -1  0]
 [ 0  1  1  0]]
---------------
[[-1  0  0  1]
 [ 1  0  0  1]
 [ 0  1  1  0]
 [ 0  1 -1  0]]
---------------
[[-1  0  0 -1]
 [ 1  0  0 -1]
 [ 0  1  1  0]
 [ 0  1 -1  0]]
---------------
[[ 0  1 -1  0]
 [-1  0  0  1]
 [-1  0  0 -1]
 [ 0  1  1  0]]
---------------
[[ 0  1 -1  0]
 [-1  0  0 -1]
 [-1  0  0  1]
 [ 0  1  1  0]]
---------------
[[ 0  1  0  1]
 [-1  0  1  0]
 [-1  0 -1  0]
 [ 0  1  0 -1]]
---------------
[[ 0  1  1  0]
 [-1  0  0 -1]
 [-1  0  0  1]
 [ 0  1 -1  0]]
---------------
[[ 0 -1  0 -1]
 [-1  0  1  0]
 [-1  0 -1  0]
 [ 0  1  0 -1]]
---------------
[[ 0 -1 -1  0]
 [-1  0  0 -1]
 [-1  0  0  1]
 [ 0  1 -1  0]]
---------------
[[ 0  0 -1  1]
 [-1  1  0  0]
 [-1 -1  0  0]
 [ 0  0 -1 -1]]
---------------
[[ 0 -1  1  0]
 [-1  0  0 -1]
 [-1  0  0  1]
 [ 0 -1 -1  0]]
---------------
[[ 1  1 -1  1]
 [ 1 -1  1  1]
 [-1 -1 -1  1]
 [-1  1  1  1]]
---------------
[[ 1  1  1  1]
 [ 1 -1 -1  1]
 [-1 -1  1  1]
 [-1  1 -1  1]]
---------------
[[ 1 -1 -1  1]
 [ 1  1  1  1]
 [-1  1 -1  1]
 [-1 -1  1  1]]
---------------
[[ 1 -1  1  1]
 [ 1  1 -1  1]
 [-1  1  1  1]
 [-1 -1 -1  1]]
---------------
[[ 1 -1  0  0]
 [ 0  0  1  1]
 [ 0  0 -1  1]
 [ 1  1  0  0]]
---------------
[[ 1 -1  0  0]
 [ 0  0  1 -1]
 [ 0  0  1  1]
 [ 1  1  0  0]]
---------------
[[ 1  0  1  0]
 [ 0  1  0  1]
 [ 0 -1  0  1]
 [ 1  0 -1  0]]
---------------
[[ 1  1  0  0]
 [ 0  0  1 -1]
 [ 0  0  1  1]
 [ 1 -1  0  0]]
---------------
[[-1  0 -1  0]
 [ 0  1  0  1]
 [ 0 -1  0  1]
 [ 1  0 -1  0]]
---------------
[[-1 -1  0  0]
 [ 0  0  1 -1]
 [ 0  0  1  1]
 [ 1 -1  0  0]]
---------------
[[ 1 -1  1 -1]
 [-1  1  1 -1]
 [-1 -1  1  1]
 [ 1  1  1  1]]
---------------
[[ 1  1  1 -1]
 [-1 -1  1 -1]
 [-1  1  1  1]
 [ 1 -1  1  1]]
---------------
[[ 0  0  1  1]
 [ 0  0  1 -1]
 [ 1 -1  0  0]
 [ 1  1  0  0]]
---------------
[[ 0  0 -1  1]
 [ 0  0 -1 -1]
 [ 1 -1  0  0]
 [ 1  1  0  0]]
---------------
[[ 0  0  1  1]
 [ 0  0  1 -1]
 [ 1  1  0  0]
 [ 1 -1  0  0]]
---------------
[[ 0  0 -1  1]
 [ 0  0 -1 -1]
 [ 1  1  0  0]
 [ 1 -1  0  0]]
---------------
[[-1 -1  1 -1]
 [ 1  1  1 -1]
 [ 1 -1  1  1]
 [-1  1  1  1]]
---------------
[[-1  1  1 -1]
 [ 1 -1  1 -1]
 [ 1  1  1  1]
 [-1 -1  1  1]]
---------------
[[ 0 -1  1  0]
 [ 1  0  0  1]
 [-1  0  0  1]
 [ 0 -1 -1  0]]
---------------
[[-1  1  0  0]
 [ 0  0  1 -1]
 [ 0  0  1  1]
 [-1 -1  0  0]]
